0,484
0,315
0,273
0,270
0,437
43,3
0,460
3,2
3,1
3,3
10,2
10,1
10,3
11,2
130,14
130,11
130,3
130,2
130,1
130,0
120,4
120,3
120,1
111,4
111,3
111,1
96,4
96,3
96,1
66,6
66,5
66,4
66,3
66,2
66,1
64,4
64,3
64,1
63,5
63,1
46,5
46,4
46,3
46,1
43,9
43,7
43,6
43,5
43,1
20,3
20,2
20,1
19,3
19,2
19,1
18,3
18,1
14,112
14,111
14,110
14,109
14,108
14,107
14,106
14,105
14,104
14,103
14,102
14,101
14,100
14,99
14,66
14,64
14,32
14,29
14,28
14,27
14,24
14,19
14,14
14,13
14,12
14,10
14,9
14,8
14,5
14,3
14,2
14,1
14,0
13,8
13,4
13,3
13,2
13,1
13,0
12,3
12,2
12,1
11,3
11,1
9,3
9,2
9,1
8,3
8,2
8,1
2,3
2,2
2,1
0,565
0,549
0,510
0,509
0,506
0,505
0,502
0,501
0,498
0,496
0,492
0,490
0,489
0,488
0,482
0,481
0,477
0,476
0,474
0,471
0,441
0,440
0,436
0,429
0,428
0,418
0,417
0,410
0,409
0,408
0,406
0,402
0,401
0,400
0,399
0,398
0,397
0,396
